-0.33813161556606763
-0.004109570261696647
-0.3660015865882412
-0.3617919053656538
-0.2321476663919511
1.1232687738759857
1.1159175319904775
-0.3571021633222617
-0.3519700274556252
-0.34422224158676445
0.08612417514462588
0.12170943636545949
0.10791470837688556
-0.3537260936997718
-0.3519683170767647
-0.3522443208293331
-0.8860684934177426
-0.045206282863877005
0.4145529027201234
-0.22628066696423407
1.1294280160930767
1.1148241062937523
-0.3653706680395422
1.0905178870459056
1.049635017907161
0.09236352229829696
0.11753284896287254
0.12238964066684753
-0.2403570420884442
0.3263356671610572
0.4260484689107344
-0.8932202797818105
-0.06167890779366995
0.4084388319454922
-0.853576462042162
0.10436740070493918
0.591577211553444
-0.47288361205829277
-0.0051099502824223575
-0.5075083580898213
-0.5062819216658392
-0.2674950097962737
2.138440399750723
2.125371663887677
-0.5052885315511539
-0.4869583274128336
-0.49885632155507015
0.2556848804673939
0.3622968485436317
0.3448911741146581
-0.5258825392168209
-0.48054589161682504
-0.48645952677802157
-1.5427843807060524
-0.056556668572454255
0.7969518432436373
-0.27910002044768345
2.1471390374438846
2.1280118339045186
-0.5239421471504943
2.0821982281739846
2.025870398974862
0.27494443702899934
0.36795585125263386
0.3634978825827741
-0.313329955120645
0.7279243427976156
0.8953422121327119
-1.5367450440359849
-0.06881344495513535
0.8028717651964082
-1.4516143756770044
0.23673622726234414
1.1237374804098053
-0.2994262605044807
-0.004536473923489191
-0.3148818226682039
-0.3052641854186002
-0.23103404633972338
0.5280137747722535
0.516511305607336
-0.2995007373644678
-0.31023100343099536
-0.30428344038975824
-0.049648779441582136
-0.055061599894170664
-0.05832915163245585
-0.3168116946985054
-0.2975852674756172
-0.3127156362136113
-0.5464677253933181
-0.06855185076091001
0.1904636795185814
-0.24317923049848672
0.5336105153294373
0.5195233269599918
-0.3066888825951429
0.4999077286826631
0.4772101427986777
-0.0499524509901934
-0.057959084144190584
-0.05417987520532662
-0.21887038344591392
0.0791438762990599
0.12401956057313158
-0.5397859026486075
-0.06865030460938712
0.18291436141121165
-0.5320519579170827
0.0010853287825729548
0.2734072419837638
-0.3112661209425253
-0.004961739761981299
-0.31287495254015624
-0.3250658832186481
-0.23431579221576992
0.6310576619076537
0.6326398246790138
-0.32552163970266584
-0.30658318910698307
-0.3246035955538649
-0.03919216272170936
-0.027525181663598335
-0.03780998572876845
-0.32375267077991227
-0.3178900052738537
-0.3213655995004582
-0.5967841372261484
-0.06093749855456317
0.22094669296134045
-0.24475340874349713
0.6268096375296794
0.615320280745079
-0.328216895606841
0.6164703568287734
0.5782348162098561
-0.018634253215088444
-0.028760795314154406
-0.040076433353693125
-0.22061325476221225
0.11867991301369073
0.16116915499018156
-0.6000760895779528
-0.06720650212000641
0.23377268317024014
-0.5902120436064145
0.0041078078548000075
0.31531303623861806
-0.2478048699619911
-0.006180093783206244
-0.2522198494261519
-0.24430072050991122
-0.20345817666446694
0.35584720756024174
0.35484788707676285
-0.2602989516916504
-0.24902271887078214
-0.24896753051928114
-0.06659460795556843
-0.0838093856032642
-0.07795891076892475
-0.24564321411546974
-0.2534622126809186
-0.24573806572422713
-0.41848413232026693
-0.07017757778406464
0.12271648320600578
-0.1929685581668544
0.36357127136777545
0.36338603206134334
-0.255166227514101
0.3511994108521609
0.30941069350183154
-0.0563319590485306
-0.07744262976896027
-0.0791421034352684
-0.17510359877828466
0.03379234144771891
0.055600241377543526
-0.4184430294165782
-0.05204758124329562
0.12843531984602766
-0.41017153564036896
-0.0086420128427313
0.18418235118634727
1.0807537276548387
0.00016249111766870016
2.115301058144981
0.5405084550314848
0.6419437664142729
0.32952799048129927
0.799915231692354
0.005040738420543792
1.3881579560934454
0.4535018482728811
0.5187440645164811
0.332280653487294
-1.1781877792727382
0.004834049476603534
-3.2586587224129224
-0.30611150105711926
-0.4623986368849153
0.06671998535978496
0.9711758585783148
-0.0019218547146413328
1.7888172506513236
0.5073466189002532
0.589074099322395
0.35131877166882963
-0.6557323920054531
-0.004822443984928799
-1.6265425562145643
-0.14634465736996372
-0.22617059025053815
-0.0582989036731934
1.4400402278953879
-0.00871394884960163
0.6381729976495715
-5.079858328307926
1.0579330319177123
-1.9970378883509166
-1.4390438699116992
-0.0009954786137593864
-0.6461866794651292
5.086852466262052
-1.048480761109592
2.015552713428637
