PRUNING
score_pruned_test, score_original_test

nonnoisy
[0, 0.8799999999999998, 0.8799999999999998, 0.8799999999999998, 0.8799999999999998, 0.8799999999999998, 0.8799999999999998, 0.8799999999999998, 0.8799999999999998, 0.8799999999999998, 0.8799999999999998, 0.8799999999999998, 0.8799999999999998, 0.8799999999999998, 0.9099999999999998, 0.9099999999999998, 0.9099999999999998, 0.9099999999999998, 0.9099999999999998, 0.9199999999999998, 0.9099999999999998, 0.9099999999999998, 0.9099999999999998, 0.8999999999999998, 0.8999999999999998, 0.8999999999999998, 0.8999999999999998, 0.8999999999999998, 0.8999999999999998, 0.8999999999999998, 0.8799999999999998, 0.8799999999999998, 0.8799999999999998, 0.8899999999999998, 0.8899999999999998, 0.8599999999999998, 0.8599999999999998, 0.8399999999999997, 0.8399999999999997, 0.8799999999999998, 0.8699999999999998, 0.8899999999999998, 0.8699999999999998, 0.8799999999999998, 0.8899999999999998, 0.8999999999999998, 0.8899999999999998, 0.8899999999999998, 0.8899999999999998, 0.8899999999999998, 0.8999999999999998, 0.8999999999999998, 0.8999999999999998, 0.8899999999999999, 0.8599999999999999, 0.8599999999999999, 0.8599999999999999, 0.8499999999999999, 0.8699999999999999, 0.8799999999999999, 0.8799999999999998, 0.8899999999999998, 0.8699999999999998, 0.8699999999999998, 0.8699999999999998, 0.8699999999999998, 0.8599999999999998, 0.8499999999999998, 0.8499999999999998, 0.7999999999999998, 0.7899999999999998, 0.7899999999999998, 0.7799999999999999, 0.7999999999999999, 0.7799999999999999, 0.8199999999999997, 0.7999999999999997, 0.7999999999999997, 0.7999999999999997, 0.8199999999999997, 0.7899999999999997]
[0, 0.8699999999999998, 0.8699999999999998, 0.8699999999999998, 0.8699999999999998, 0.8699999999999998, 0.8699999999999998, 0.8699999999999998, 0.8699999999999998, 0.8699999999999998, 0.8499999999999998, 0.8499999999999998, 0.8499999999999998, 0.8499999999999998, 0.8899999999999998, 0.8899999999999998, 0.8899999999999998, 0.8899999999999998, 0.8899999999999998, 0.8999999999999998, 0.8899999999999998, 0.8899999999999998, 0.8899999999999998, 0.8799999999999998, 0.8999999999999998, 0.8999999999999998, 0.8999999999999998, 0.8999999999999998, 0.8999999999999998, 0.8999999999999998, 0.8799999999999998, 0.8799999999999998, 0.8799999999999998, 0.8799999999999998, 0.8799999999999998, 0.8499999999999998, 0.8499999999999998, 0.8299999999999997, 0.8299999999999997, 0.8699999999999998, 0.8699999999999998, 0.8899999999999998, 0.8699999999999998, 0.8799999999999998, 0.8899999999999998, 0.8999999999999998, 0.8899999999999998, 0.8899999999999998, 0.8899999999999998, 0.8899999999999998, 0.8999999999999998, 0.8999999999999998, 0.8999999999999998, 0.8999999999999998, 0.8699999999999998, 0.8699999999999998, 0.8699999999999998, 0.8599999999999998, 0.8799999999999998, 0.8799999999999999, 0.8799999999999998, 0.8899999999999998, 0.8699999999999998, 0.8699999999999998, 0.8699999999999998, 0.8699999999999998, 0.8599999999999998, 0.8499999999999998, 0.8499999999999998, 0.7999999999999998, 0.7899999999999998, 0.7899999999999998, 0.7799999999999999, 0.7999999999999999, 0.7799999999999999, 0.8199999999999997, 0.7999999999999997, 0.7999999999999997, 0.7999999999999997, 0.8199999999999997, 0.7899999999999997]
[Finished in 5.0s]


noisy
[0, 0.8199999999999997, 0.8099999999999997, 0.8099999999999997, 0.8099999999999997, 0.7999999999999997, 0.8099999999999997, 0.8099999999999997, 0.7999999999999998, 0.7999999999999998, 0.8099999999999997, 0.8099999999999997, 0.8399999999999997, 0.8399999999999997, 0.8399999999999997, 0.8299999999999998, 0.8299999999999998, 0.8299999999999998, 0.8299999999999998, 0.8299999999999998, 0.8299999999999998, 0.8299999999999998, 0.8299999999999998, 0.8199999999999998, 0.8299999999999998, 0.8399999999999999, 0.8399999999999999, 0.8399999999999999, 0.8399999999999999, 0.8199999999999998, 0.8399999999999999, 0.7999999999999998, 0.8399999999999999, 0.8299999999999998, 0.8299999999999998, 0.8299999999999998, 0.8199999999999998, 0.8299999999999998, 0.8199999999999998, 0.8199999999999998, 0.8099999999999998, 0.8199999999999998, 0.8099999999999998, 0.7999999999999998, 0.8399999999999999, 0.8499999999999998, 0.8499999999999998, 0.8199999999999997, 0.8199999999999997, 0.8299999999999997, 0.8199999999999998, 0.8299999999999998, 0.8199999999999998, 0.8599999999999998, 0.8199999999999998, 0.8399999999999999, 0.82, 0.8299999999999998, 0.8199999999999998, 0.7999999999999998, 0.8399999999999997, 0.8399999999999997, 0.8299999999999997, 0.8299999999999997, 0.8199999999999998, 0.8199999999999997, 0.8099999999999997, 0.8099999999999997, 0.7799999999999998, 0.7799999999999998, 0.7699999999999998, 0.7699999999999999, 0.7499999999999999, 0.7799999999999999, 0.7799999999999999, 0.7699999999999999, 0.7599999999999999, 0.7699999999999999, 0.7699999999999999, 0.7799999999999999, 0.7699999999999999]
[0, 0.7799999999999997, 0.7899999999999997, 0.7899999999999997, 0.7899999999999997, 0.7799999999999997, 0.7699999999999997, 0.7799999999999997, 0.7699999999999998, 0.7699999999999998, 0.7799999999999997, 0.7799999999999997, 0.8099999999999997, 0.8099999999999997, 0.8199999999999997, 0.8099999999999998, 0.8099999999999998, 0.8199999999999998, 0.8199999999999998, 0.8199999999999998, 0.8199999999999998, 0.8199999999999998, 0.8199999999999998, 0.8099999999999998, 0.8199999999999998, 0.8299999999999998, 0.8199999999999998, 0.8199999999999998, 0.8199999999999998, 0.7999999999999998, 0.8199999999999998, 0.7799999999999998, 0.8199999999999998, 0.8099999999999999, 0.8199999999999998, 0.8299999999999998, 0.8199999999999998, 0.8299999999999998, 0.8199999999999998, 0.8199999999999998, 0.8099999999999998, 0.8199999999999998, 0.8199999999999998, 0.8099999999999998, 0.8499999999999999, 0.8499999999999998, 0.8499999999999998, 0.8199999999999997, 0.8199999999999997, 0.8299999999999997, 0.8099999999999998, 0.8199999999999998, 0.8199999999999998, 0.8599999999999998, 0.8199999999999998, 0.8399999999999999, 0.82, 0.8299999999999998, 0.8199999999999998, 0.7999999999999998, 0.8399999999999997, 0.8399999999999997, 0.8299999999999997, 0.8299999999999997, 0.8199999999999998, 0.8099999999999997, 0.8099999999999997, 0.8099999999999997, 0.7699999999999998, 0.7699999999999998, 0.7599999999999998, 0.7599999999999999, 0.7299999999999999, 0.7499999999999999, 0.7599999999999999, 0.7699999999999999, 0.7599999999999999, 0.7599999999999999, 0.7599999999999999, 0.7599999999999999, 0.7499999999999999]
[Finished in 11.6s]


BOOSTING

part a
[10 rounds + depth 1, 30 rounds + depth 1, 10 rounds + depth 2, 30 rounds + depth 2]
Noisy: [0.8199999999999997, 0.8399999999999997, 0.8099999999999998, 0.7899999999999998]
Nonnoisy: [0.8899999999999999, 0.9099999999999998, 0.8699999999999998, 0.8699999999999998]

part d 

nonnoisy:
test: [0.0, 0.8799999999999998, 0.8799999999999998, 0.8999999999999998, 0.9199999999999998, 0.8899999999999999, 0.8899999999999999, 0.8899999999999999, 0.8899999999999999, 0.8899999999999999, 0.8899999999999999, 0.8899999999999999, 0.9099999999999998, 0.9099999999999998, 0.9099999999999998, 0.0]
training: [0.0, 0.9533333333333319, 0.9533333333333319, 0.9566666666666652, 0.9566666666666652, 0.9566666666666652, 0.9566666666666652, 0.9566666666666652, 0.9566666666666652, 0.9577777777777764, 0.9577777777777764, 0.9577777777777764, 0.9577777777777764, 0.9577777777777764, 0.9577777777777764, 0.0]
[Finished in 3.4s]

noisy:
test: [0.0, 0.8199999999999997, 0.8199999999999997, 0.8099999999999997, 0.8299999999999997, 0.7999999999999997, 0.8199999999999997, 0.8199999999999997, 0.8199999999999997, 0.8299999999999997, 0.8199999999999997, 0.8299999999999997, 0.8499999999999998, 0.8299999999999997, 0.8499999999999998, 0.0]
training: [0.0, 0.8933333333333322, 0.8933333333333322, 0.8955555555555544, 0.8977777777777767, 0.90111111111111, 0.9066666666666655, 0.9088888888888877, 0.9077777777777766, 0.9066666666666655, 0.9111111111111099, 0.9111111111111099, 0.9144444444444433, 0.9133333333333321, 0.9155555555555543, 0.0]
[Finished in 3.8s]