0.19644444, 0.11688889, 0.10122222, 0.09288889, 0.08744444, 0.08466667, 0.08188889, 0.07944444, 0.07644444, 0.07488889, 0.07411111, 0.07244444, 0.07055556, 0.06933333, 0.06711111, 0.06622222, 0.06455556, 0.06411111, 0.06333333, 0.063, 0.06333333, 0.06311111, 0.063, 0.06344444, 0.06333333, 0.06311111, 0.06311111, 0.06344444, 0.06333333, 0.06266667, 0.06211111, 0.06166667, 0.06122222

0.218, 0.13, 0.12, 0.114, 0.107, 0.1, 0.1, 0.096, 0.097, 0.094, 0.095, 0.095, 0.095, 0.095, 0.094, 0.094, 0.091, 0.091, 0.091, 0.092, 0.092, 0.091, 0.091, 0.091, 0.093, 0.093, 0.092, 0.091, 0.091, 0.092, 0.093, 0.096, 0.097

training 30 hidden units
0.16, 0.10666667, 0.09288889, 0.08244444, 0.07566667, 0.069, 0.065, 0.061, 0.05833333, 0.05533333, 0.05433333, 0.05255556, 0.05077778, 0.049, 0.04833333, 0.04711111, 0.04611111, 0.04533333, 0.04411111, 0.043, 0.04255556, 0.04133333, 0.04, 0.03966667, 0.03877778, 0.03766667, 0.03677778, 0.03633333

0.175, 0.124, 0.108, 0.098, 0.095, 0.086, 0.083, 0.081, 0.078, 0.075, 0.076, 0.074, 0.072, 0.072, 0.072, 0.072, 0.071, 0.07, 0.071, 0.071, 0.072, 0.071, 0.069, 0.07, 0.07, 0.073, 0.073, 0.074

0.14433333, 0.13544444, 0.12944444, 0.12588889, 0.12344444, 0.12144444, 0.11966667, 0.11788889, 0.11577778, 0.11466667, 0.11388889, 0.11333333, 0.11233333, 0.11155556, 0.11066667, 0.11044444, 0.11011111, 0.10966667, 0.10955556, 0.10888889, 0.10844444, 0.10833333, 0.10822222, 0.10733333, 0.10722222, 0.107, 0.10666667, 0.10644444, 0.10588889, 0.10577778, 0.10588889, 0.10522222, 0.10488889, 0.105, 0.105, 0.10477778, 0.10466667, 0.10455556, 0.10455556, 0.10433333, 0.10444444, 0.10433333, 0.10455556, 0.10455556, 0.10433333, 0.10388889, 0.10377778, 0.10366667, 0.10355556, 0.10355556, 0.10333333, 0.10311111, 0.103, 0.103, 0.10288889, 0.10266667, 0.10277778, 0.10288889, 0.10288889, 0.10288889, 0.10266667, 0.10233333, 0.10211111, 0.102, 0.10177778, 0.10144444, 0.10122222, 0.10133333

0.16, 0.145, 0.138, 0.135, 0.132, 0.132, 0.132, 0.132, 0.132, 0.132, 0.134, 0.133, 0.132, 0.131, 0.131, 0.132 ,0.132, 0.133, 0.133, 0.133, 0.133, 0.132, 0.132, 0.131, 0.129, 0.129, 0.129, 0.128, 0.128, 0.128, 0.128, 0.128, 0.128, 0.127, 0.127, 0.126, 0.125, 0.125, 0.124, 0.124, 0.124, 0.124, 0.124, 0.123, 0.123, 0.122, 0.122, 0.121, 0.121, 0.121, 0.121, 0.121, 0.122, 0.122, 0.122, 0.123, 0.123, 0.123, 0.122, 0.122, 0.122, 0.122, 0.122, 0.122, 0.122, 0.121, 0.121, 0.12


,0.10122222, 0.10122222, 0.10111111, 0.10088889, 0.10066667, 0.10044444, 0.10044444, 0.10033333, 0.10011111, 0.09966667, 0.09966667, 0.09955556, 0.09955556, 0.09944444, 0.09933333, 0.09944444, 0.09944444, 0.09933333, 0.09933333, 0.09933333, 0.09933333, 0.09933333, 0.09922222, 0.09922222, 0.09922222, 0.09911111, 0.09933333, 0.09933333, 0.09933333, 0.09911111, 0.099, 0.099

0.16, 0.145, 0.138, 0.135, 0.132, 0.132, 0.132, 0.132, 0.132, 0.132, 0.134, 0.133, 0.132, 0.131, 0.131, 0.132, 0.132, 0.133, 0.133, 0.133, 0.133, 0.132, 0.132, 0.131, 0.129, 0.129, 0.129, 0.128, 0.128, 0.128, 0.128, 0.128

0.14433333, 0.13544444, 0.12944444, 0.12588889, 0.12344444, 0.12144444, 0.11966667, 0.11788889, 0.11577778, 0.11466667, 0.11388889, 0.11333333, 0.11233333, 0.11155556, 0.11066667, 0.11044444, 0.11011111, 0.10966667, 0.10955556, 0.10888889, 0.10844444, 0.10833333, 0.10822222, 0.10733333, 0.10722222, 0.107, 0.10666667, 0.10644444, 0.10588889, 0.10577778, 0.10588889, 0.10522222, 0.10488889, 0.105, 0.105, 0.10477778, 0.10466667, 0.10455556, 0.10455556, 0.10433333, 0.10444444, 0.10433333, 0.10455556, 0.10455556, 0.10433333, 0.10388889, 0.10377778, 0.10366667, 0.10355556, 0.10355556, 0.10333333, 0.10311111, 0.103, 0.103, 0.10288889, 0.10266667, 0.10277778, 0.10288889, 0.10288889, 0.10288889, 0.10266667, 0.10233333, 0.10211111, 0.102, 0.10177778, 0.10144444, 0.10122222, 0.10133333, 0.10122222, 0.10122222, 0.10111111, 0.10088889, 0.10066667, 0.10044444, 0.10044444, 0.10033333, 0.10011111, 0.09966667, 0.09966667, 0.09955556, 0.09955556, 0.09944444, 0.09933333, 0.09944444, 0.09944444, 0.09933333, 0.09933333, 0.09933333, 0.09933333, 0.09933333, 0.09922222, 0.09922222, 0.09922222, 0.09911111, 0.09933333, 0.09933333, 0.09933333, 0.09911111, 0.099, 0.099

0.16, 0.145, 0.138, 0.135, 0.132, 0.132, 0.132, 0.132, 0.132, 0.132, 0.134, 0.133, 0.132, 0.131, 0.131, 0.132, 0.132, 0.133, 0.133, 0.133, 0.133, 0.132, 0.132 ,0.131, 0.129, 0.129, 0.129, 0.128, 0.128, 0.128, 0.128, 0.128, 0.128, 0.127, 0.127, 0.126, 0.125 ,0.125, 0.124, 0.124, 0.124, 0.124, 0.124, 0.123, 0.123, 0.122, 0.122, 0.121, 0.121, 0.121, 0.121, 0.121, 0.122, 0.122, 0.122, 0.123, 0.123, 0.123, 0.122, 0.122, 0.122, 0.122, 0.122, 0.122, 0.122 ,0.121, 0.121, 0.12, 0.12, 0.12, 0.12, 0.121, 0.121, 0.121, 0.121, 0.121, 0.121, 0.121, 0.121, 0.121, 0.121, 0.121, 0.121, 0.121, 0.121, 0.121, 0.121, 0.121, 0.121, 0.121, 0.12, 0.12, 0.12, 0.12, 0.12, 0.12, 0.12, 0.12, 0.12, 0.12
0.121
0.121
0.121
0.121
0.121
0.121
0.121
0.121
0.121
0.121
0.121
0.121
0.121
0.121
0.121
0.121
0.121
0.121
0.121
0.121
0.121
0.121
0.121
0.121
0.121
0.12
0.12
0.12



