71 710
n 71
554 5540
p 554
training 625
87 870
n 87
317 3170
p 317
validation 404
211 2107
n 211
388 3880
p 388
test 599
* * * * * * * * *
Parameters => Epochs: 10, Learning Rate: 0.100000
Type of network used: HiddenNetwork
Input Nodes: 36, Hidden Nodes: 30, Output Nodes: 2
* * * * * * * * *
1 Performance: 0.88640000 0.785 0.648
2 Performance: 0.88640000 0.785 0.648
3 Performance: 0.88640000 0.785 0.648
4 Performance: 0.88640000 0.785 0.648
5 Performance: 0.88640000 0.785 0.648
length 1172
0.0135321485895
0.00423091990987
0.0168319955576
0.000647283616046
0.00475034711811
0.0214046690523
0.0233105187158
0.0153959903552
0.0160592144967
0.00880206093727
0.00731595860638
0.00931847751699
0.00876206247599
0.00929229645398
0.00930857865162
0.0186700534389
-0.00377757323739
0.000558201955309
0.0054459233902
0.00224481718565
0.018363630682
0.0203899477257
0.00500254486747
0.0248137319732
0.0060406106704
0.0139941758973
0.00834723015842
0.0119276801587
0.0104032486833
0.0201699737797
0.00537878757426
-0.00273105014674
-0.00393818381578
0.0138802063836
0.00860183888063
0.0093724717194
0.00948978081682
0.0189474965549
0.00313434212186
0.0173433539943
0.00919672729652
0.0203852839109
0.012566512609
0.0158549511022
0.000982760003934
0.00362028070667
0.0184600647204
-0.00304828380179
0.00364648018468
0.00232924305991
0.0179744286824
0.00633204644521
-0.000545816423471
-0.00627439458528
0.00949551001219
0.00639983422758
0.0160811287875
0.0210378901879
0.00652268100932
0.00454805077293
0.0191173347378
0.0128471795987
0.0159210207417
0.00422604990546
0.00979355280056
-0.00340541238678
0.0214118595909
0.00563282166269
-0.00260641181434
-0.00375189014614
0.010672324948
-0.00270443991756
-0.00695407379296
0.00405377229302
0.00801720418595
0.00286613321959
0.0149785431237
0.0116751890112
0.014227818704
0.0053157541009
0.0154272461254
-0.000993243802091
0.00688812095668
0.0163006615359
-0.000946733457569
0.0124679897859
0.0173217753497
0.0121937797995
0.000235028869882
0.0109732211335
0.00123861257141
0.0103944397961
0.00750408529028
0.00354024917417
0.0123966718757
0.00951637699261
0.00906234639675
0.00771471279418
0.00912039874965
-0.00223610457168
0.016322819955
0.0163811929375
0.00192290786387
0.0124839695435
0.00506417199225
-0.00576329527679
0.00953246205795
0.00105017006382
-0.000544204678803
0.00770627923432
0.00453086417075
0.0173180560879
-0.00258948217887
0.00165155755143
0.0103034337347
0.0192727184577
0.0214552338311
0.0211186037097
0.00665644329195
0.00604784600334
0.00683598715991
0.0138467426978
0.0186650399523
0.00613637660326
0.0210992314671
0.0145075243606
0.00823558849106
-0.00334602455929
0.00840276388899
0.00436376331958
0.000656967148265
0.0207849915358
0.0246787974215
0.0153960323453
0.0235915900889
0.0236796000772
0.00528470338855
0.0235812271791
0.00713621868731
0.00531209167833
0.003417358837
0.0135997979505
-0.00388267029093
0.0101048315162
0.00111546043504
-0.00536813013721
-0.00289778474287
0.00317973542117
0.0199477508223
0.0063156413983
0.0179445357736
0.00484220015075
0.00334545907286
0.00826484557058
0.020190239078
0.00963916562998
0.0101371343606
0.0211742514712
0.00119819208232
0.0141635155991
-0.00094589270254
0.0127470270882
0.00297610315812
0.0102441918762
0.00594845343636
0.000447293683855
0.00628167416344
0.00244998286505
0.00837485557524
0.0117814789083
0.00828162947679
0.0180262350915
0.0054102512344
0.0163231604125
0.0162237689556
0.00380773668479
0.00487480703576
0.00868365528099
0.0122431322714
-0.00200528493535
0.0129510868597
0.0038889720291
-0.00933376503631
-0.0053793962742
0.00718928688787
0.00234406559541
0.00815511304368
0.0127597449096
0.00149424875644
0.0143086132677
0.0230717002116
0.016904445323
-0.00241489751958
0.0126021029008
0.00385853615785
0.00438017234074
0.018512470364
0.00691829882066
0.0120243381251
0.00227203097016
0.0107842268314
0.00878780594887
0.00510633967802
0.0118379459663
0.0119003750434
0.0209073551491
0.0197570326614
0.00991347074362
0.00762973411217
0.0189477430331
0.00914265651526
0.00575840765466
0.0135641281905
0.00927420044978
0.00902850440355
-0.0013659981739
0.0102976141175
0.0120978508674
0.00149024680443
0.000592890852398
0.0113017944388
0.00839496038981
0.00554057696445
-0.00541458977195
0.0049213604898
0.0133916264164
0.0170647572362
0.0233875930321
0.0148443933987
0.00189372231796
0.00352687558224
0.0203995884804
0.000879468735075
0.00419385009917
0.0172776993724
0.00727987425123
0.00727265135073
0.0154414745311
-0.00299699650739
0.00406711873938
0.00398062512849
-0.00290237403415
0.00988943079538
0.0191632213618
0.0162997476166
0.0163894465732
0.00618723771242
0.0141447904126
0.0232967641927
0.00239287325295
-0.00462816432806
0.0227981541485
0.0108857528487
0.0104634273083
-0.00169429716179
0.00533622120575
0.00526371599688
0.00774416140637
-0.00442552489961
0.000889763846382
0.000969590984917
0.00673837363223
0.0132698050505
0.00432529687652
0.00421883487304
0.0166056218819
0.0163870449438
0.0137895160634
0.00208143380435
0.00916777060173
0.0132096471312
0.000282248195672
0.00326396702359
0.0158215581748
0.012733178755
0.00411177372289
0.0037832311202
0.0121225632996
0.00941091910984
0.0120522431584
0.014727801299
0.00984549022678
0.0104853136934
0.0223338314915
0.0137150223224
0.0141758910227
0.00267844127517
0.00654415300078
0.00317786227954
0.00653439204817
0.00570344290369
0.0136994257918
0.00537812668693
0.000468141865887
0.0091549364347
0.0133001683333
0.00781809292902
0.00152317144524
0.000773082797556
0.012863585061
0.0199121222
0.0241209597638
0.00812655639748
0.0161246774086
0.00862987186599
0.0187451960893
0.0124930208235
0.0129975307474
0.0128109302324
0.0146353168754
0.006799499781
0.00913642493848
0.0116418941814
0.00330864749119
0.0156534723586
0.00963708465682
0.00840081019396
0.0124329557938
0.0101703163164
0.0172009473196
0.019708512267
0.00588973199946
0.00966907490689
0.00203548630418
0.00451148243034
0.0148804300557
0.00695880672268
0.00123447275222
-0.00376902223164
0.0138093049998
-0.000812299919458
0.00135364943228
0.00194376338217
0.00165638679695
0.00507637928421
0.00320194675694
-0.00249483228194
0.00133628806111
0.0135136488802
0.0148804580217
-7.74083736277e-06
0.0125949613804
0.00903964170562
0.0145236478895
0.000359562729777
0.0175967092478
0.00903880680172
0.000795887662471
0.017865576148
0.0039213796772
0.00156701245193
0.0129821846368
0.0129216128398
0.0172367307266
0.00524585786431
0.0155006851092
0.0154318651807
0.0149183096318
0.00847402279021
0.0238102035462
-0.0011651272406
0.00438634371002
0.0060175081242
0.0165167279743
0.00634682349747
-0.00462229475624
0.0130000786685
-0.000539205805734
0.0036224426906
0.00245680332955
0.00152486521808
-0.00255976419123
0.0125036665789
0.00946317813537
0.0154742556642
0.023723436838
0.00586218331499
0.00372174350077
0.000321180395764
0.00761923119741
-0.00438608370379
0.0165994985963
0.0153321829258
0.010708587974
0.00134546995686
0.012253403038
0.000887176070156
0.0136437653522
-0.00245072017077
0.00112484041568
0.00399048582603
0.0155867201268
0.0140993405058
0.0125420298511
0.0171070616811
-0.00237635489352
0.00600718629145
0.0121602901224
0.00915137828056
0.0106757946994
0.00232391106105
-0.00146274957824
0.0101428627405
0.0117083874995
0.00150172163881
-0.0064156412874
0.00383777414745
0.0184586604166
-0.00208115870775
0.0110194288728
0.0143683532529
0.00313437978075
0.00740894437221
0.00619738742303
0.00173924580254
0.00329007745441
0.0129465526945
0.0114686348098
0.014777876081
0.0113412510314
0.00245132086284
0.00893895997619
0.0153196212457
0.00929344403705
0.0130392534704
-0.0033761011839
0.00425592094956
0.0215125068254
0.0122678962864
0.00506604982095
0.00581782017521
0.0216766956771
0.0132034548373
0.00616819800022
0.00542749279066
0.00466420798604
0.012150508578
0.0109056897418
-0.00443236372283
0.00734090118152
-0.00125316343716
-0.00780380557577
0.0108585686045
0.00899628013731
0.0184336042076
0.0088986701625
0.00879766524116
0.00976090841076
0.00145688422249
0.00831669293667
0.00671014128851
0.017030685573
0.00697627582652
0.0131787161313
0.0108835645663
0.00729119777639
0.0165590101919
0.000403350930306
0.016493164465
0.00865597693764
-0.000345429525481
-0.00485758554101
0.0119630211053
0.0106945598259
0.000562425139897
0.0154144681339
0.00496578349641
0.015757336801
0.0105017689695
0.00985197656367
0.0142419761233
-0.000692393303449
0.010044000927
0.0167995584546
0.00278148881979
-0.00388341862873
0.00401627567133
0.00857164992328
-0.00201988832728
0.0109995430872
-0.00372574673803
0.00916113260513
0.00930929717642
0.00944634835692
0.0125509924299
0.00878360448408
0.0116192068462
0.00721472798973
0.0168820388775
0.0142341668623
0.0170023634946
0.00782065583579
0.0136943442181
0.00567086601021
0.0192105006201
0.000615698511823
0.00250672676293
0.00938009884475
0.0148994908583
-0.000650395699405
0.00399564407587
0.00261168029083
0.0153807827985
0.0172115417414
0.0172701280941
0.0201972603719
-0.00282275595291
0.00908553056528
0.0177828632311
0.00439858156877
0.0199739089754
0.0070180731351
-0.00184150665448
0.00275174627237
0.000309289793309
0.00682311821166
-0.00270246546796
0.0139903478017
0.0160953061745
0.00392065945213
0.018771067865
0.00691872706862
0.00328480571922
0.0182321731569
0.0209101815017
0.00391716181539
0.0153143953698
0.0114945749387
0.0142166513472
0.0126625333701
0.000248691647843
0.0156399919413
0.012674044171
0.0157153272942
0.0102579370504
0.0143467401037
0.0126085684307
0.00817137475191
0.0116591893943
0.0144283729034
0.0115021880148
0.013597072739
0.0188356884366
0.0156199781053
0.0184932832793
0.0110094444654
0.0108390318373
0.00833682295185
0.00379193041094
0.00930702486993
0.000298861383602
0.0104516656949
0.00770097900738
0.00264713794076
-0.00241323585068
0.00467280442287
0.00942813701464
0.0126967954101
0.0120905556657
0.00732200329808
0.00765605546373
0.0101115057122
0.00874065072032
0.0161955626199
0.00182562079204
0.0102723511774
0.0152844718287
0.0176546443281
0.00117804729581
0.0132838344183
0.00236599080211
-0.00190588392845
0.00906086464256
0.0100784773249
0.0061847369796
0.014204729051
0.0137461465749
0.014079527979
0.00866094325144
0.00998740935063
0.00393733171928
0.018552596493
0.0108125744437
-0.00470401012356
0.0143999356122
0.0132711874695
-0.0017880692567
0.00254147045569
0.0100628470094
-0.0066241845315
-0.0026562519857
0.00732425760781
0.0159543466752
0.00789888994904
0.00602749724881
0.00297266459785
0.00391038095776
0.00573352266397
0.0212187715823
0.00689020406702
0.00299510524841
0.0142852129502
0.00119026887578
0.0187419222799
0.00112403771529
0.00677709992576
0.0187493900931
0.00968371599951
0.000922128750671
0.002331503886
0.00433770569475
-0.00275083090403
0.0184094130071
0.0228872554364
0.0109464282994
0.00970661313364
0.00525990694309
0.0110624051328
0.0178425473643
0.0156861877423
-0.00290323111891
0.00308230552084
0.00440884244647
-0.00795720728128
0.00472008261798
0.00398121663444
-0.00466906871947
-0.00294550749304
0.00765487546166
0.0188771993048
-0.00790106124074
0.0120292759645
0.00879429877171
0.0154908119938
0.0118809399798
0.0160606438178
0.00481644646252
0.00731901013274
0.0143405373686
0.00833699827062
0.00685593630338
0.000167873372375
0.0125045319161
0.000460510037724
0.0102091711265
0.0116145332516
0.0108192670174
0.00581978395072
0.0030444814412
0.00739005964213
0.0198786017214
0.000812301733774
0.0136563014233
0.00920230497268
0.00383070896379
0.0171965431266
0.0168183290882
0.00626240436734
0.0207485955143
0.00849975294859
-0.0011421052032
0.000158929459277
0.00358186633796
-0.00602828794865
-0.00342409995674
0.0129748313305
0.00276698326782
-0.00135499200119
0.00859115891123
0.00277518873533
0.0111657015824
0.020305192461
0.00645780813428
0.0116975908641
0.0124708645826
0.00414764170703
0.0117147029484
0.0093698528523
0.0101340615082
0.020407346426
0.0131804764281
0.00313308591863
0.00328072495639
0.0129515409313
0.00710183754957
0.00240526551652
0.019910491167
0.0188027046435
0.013746726439
0.013514366938
0.0210750563412
0.00302039616377
0.011226325049
-0.00107018914651
0.0125290199105
0.00571626639148
0.00676085210208
0.00791520855552
0.00220601179889
0.0141504244801
0.00309819027181
0.0085107414677
0.0110284158756
0.0105236960726
0.00553091431374
0.00534850257291
0.00685332513095
0.00409741882045
0.00809654865208
0.00804638938678
0.0119644742218
0.00537224827282
0.0204714906988
-0.00381884384795
0.00528601900102
-0.00148083460933
0.0108332524541
0.00112655845381
0.00744007898786
0.0104959313267
-0.00271888772678
0.0146320636946
0.00470175116561
0.00362809689868
0.0206708118698
0.00917943011758
0.0258750114816
0.0203976643892
0.0175310336924
0.00639500382267
0.00408691812745
8.39577737551e-05
0.00418723917628
0.0182305202086
-0.00744780876631
0.00758239354872
0.0157072384941
0.0074943869062
-0.00193660137321
0.00251430004866
0.00429276059727
0.00938380105913
0.0189011863136
0.00683155192436
0.0204791178353
0.00614731134507
0.0240389213296
0.0159765987557
0.0103029789973
0.0209680949969
0.0135696389271
0.00205261852125
0.00297631134348
0.00653437661001
0.0147645672064
0.00191795412118
-0.00242765548092
0.00712609347292
-0.00037599545384
0.0129687409234
0.0140046889211
0.00589807040339
-0.000883300016583
0.0115262602237
0.017595841713
-0.00149316931369
0.0140194187668
0.00109271608984
-0.0021034177343
0.0200108044119
0.0120448397917
-0.00686621154169
0.0139394301755
0.00573510288326
-0.0069804456961
-0.00206395899546
0.0109524504135
0.0175773199573
0.00979986686803
0.00618163794149
-0.00273739808946
0.0102212231398
0.0203652449365
0.0134636711532
0.006631488945
0.0170516570725
0.0190937628112
0.00631240534774
0.00427132561917
0.00753396172058
0.0114241833485
0.00107647927082
-0.000356140598547
-0.000605528724541
-0.00151851440782
-0.00346707747718
0.00330182977403
0.00538288240882
0.0162347319355
0.0045956313908
0.0196073519909
0.020282145189
-0.000606869760073
0.00931151929813
0.00997938891786
0.00809124579682
0.0176753191206
0.00843116820367
0.00247687366142
0.0142113435092
0.010317728428
0.0015557640907
0.00966831236918
0.0141748226701
0.00107820735307
0.00321072265367
0.00829349587852
0.0122601471778
0.0208363258515
0.0211559350958
0.00917617658819
0.0111568998718
0.00501699771846
0.00559453424983
-0.00173531755133
0.0186372252001
-0.00140921300378
0.0108543127856
0.0116770923552
0.0120370119174
0.00156656592349
0.00294492927865
0.00971819693188
0.00940951789523
0.0064579574555
0.0157434811437
0.00761838181324
0.00723723441423
0.0135524609829
-0.00115426643129
0.00886303386093
0.00444903166079
0.00488751140159
0.00398883676611
-0.000964415918399
0.009113793716
0.00811290702509
0.000815476539503
-0.00520431602433
0.00767464421774
0.00187397733347
0.0176141431934
-0.00813988174153
0.0126488282605
-0.00362590262403
0.00706610110156
0.0135789109684
0.0136911813068
-0.000336601741379
0.00940834404315
0.0119524076615
0.0104739696781
0.0141364235477
0.0138290626743
0.0114572721757
0.0162287244316
-0.000672724653812
0.000240307841628
-0.00345556072967
0.012616780497
0.0151107238401
0.0170559302297
0.00450202246763
0.00595181649935
0.0103657664768
0.0232416549581
0.0065033434586
0.0158941512227
0.0167152976129
0.012539057691
0.0153908405434
0.00478118722797
0.00558948044951
0.00981110834812
0.0139742038074
0.00688251191141
0.0111435929007
-0.0048386715032
0.00680805908513
-0.0014900652899
0.00283270970613
0.0154761136029
0.0167413585836
0.00546258255012
0.0226284272251
0.00892338068642
0.000358872861564
0.0106885239685
0.0112921330949
0.0161181749488
0.00737885768765
0.00410620620803
0.0076766531998
0.0142492297992
-0.00389388573609
-0.00380048461465
0.0159048051284
0.00412481378483
0.00858888551635
0.0207112297351
0.0102774056379
0.021826774827
0.0106085553479
0.0106886332519
0.0155202295269
0.00201699300372
-0.00367919910368
0.0140703700792
0.00321931245427
-0.00629817615865
0.0108811105133
0.011718653606
-0.00781447420053
0.00648049888314
0.00684445011214
0.00054143202245
-0.00328615408488
0.0110631193496
0.0152304391403
0.0178172844756
0.0093563526408
0.00688791461563
0.0144814073322
0.0110138032396
0.0117911095653
0.00800717735308
-0.00176519549787
0.00270527254317
0.00876361380493
0.0143632321422
-0.00178120860792
-0.00675646362992
0.00916926928594
0.000596187322828
0.008973549808
0.00765671422626
0.0123846511589
0.00385877121455
0.010349658798
0.0123893033661
-0.00254769688144
0.00967335162723
0.0125270123575
0.00870903716039
0.00814198189266
-2.99123336581e-05
0.0001823124122
0.00347036452383
0.00701058469858
-0.00968282433121
0.00525872707387
-0.00154999724282
0.0178384090585
-3.28920689542e-05
0.0170119850478
0.00415355445184
0.0204800454539
0.0128739359598
0.0180789014728
-0.00184855594576
0.0043269261619
0.0147180460924
0.0120579959805
0.0161522359106
0.0068974669834
0.00608811206283
-0.000167336336648
0.00274107367074
-0.00320107138148
0.0101358564057
-0.00257118796349
0.0147536152483
0.00707479552863
0.00426746819092
-0.00231078524975
0.00909381346521
0.0156576910706
0.0068577616361
0.00415932910673
0.00915874726478
0.0116413072347
0.0159448758193
0.00687385476552
0.00172375933317
0.00391307267466
0.0130272398934
0.00422049641776
0.00249952085076
0.0010360839995
0.00936451611592
-0.00100514535514
0.0104263828135
-0.0016683267691
0.0163525546359
0.0216808727735
0.0231866366934
0.000743255346453
0.0154659273218
0.0150290011087
0.00823605223271
0.0127368094675
0.000846892271545
0.0134925216061
0.0175216773791
0.00292723908797
0.00369072976161
0.0157179521428
0.0140100911824
0.00131240947604
0.0164306642963
0.0101477198749
0.00634571399596
0.026200645373
0.0227392482309
0.0136593063829
0.018463111087
0.0133708627952
0.0147316346086
0.0138715970773
0.0159870881532
-0.00732445799243
-0.00141108672369
0.0118032070291
-0.00509382786425
0.00564808360713
-0.00297807124167
0.00214596323995
-0.00505814703476
0.00320988970448
0.0137210517068
0.00546630003766
0.0184061399083
0.00672779855227
0.0123224728661
0.00442521570814
0.00673259405532
-0.00018675457694
0.0119492272586
0.0170341754804
0.0181706769112
0.00908129812023
0.0126320218121
0.0109741077783
0.00763679668354
-0.000749694348866
0.00929220389415
0.0126037428535
0.0119941012381
0.012857618873
0.0235472393451
0.00528826096005
-0.00220020023979
0.0080479032293
0.00259453547995
0.00124925901631
0.0119545636769
0.0181648045869
-0.00804917379273
0.0116766624791
0.0148415839903
0.00438425812614
0.00748763806768
0.00669652068245
0.0133308328281
0.00560164577308
0.017937687589
-0.00140691448914
0.0172468808378
0.0110593867088
0.00901901851683
0.0119515843301
0.00074036820476
0.0102009675441
0.0118184131202
0.00774452315073
0.00465616803903
0.0112604868516
0.0122405322134
0.000953481408145
-0.00772524046018
0.00271817865977
0.00245634889487
0.00502276061635
0.0198107984827
0.0172430939025
0.0142102660775
0.0221128636476
0.0192988379123
0.0029430926018
0.0154389772379
0.00771133813514
0.0138096824174
0.016181843553
0.0181421010931
-0.00362036480888
0.012580305766
0.00526525602039
-0.00792258245824
0.00747448906007
-0.00327270518399
0.213552278222
0.00298737016545
0.209605579772
0.196693842542
0.220089296833
0.202584966869
0.207742439086
0.209442280225
0.2020076489
0.208149295779
0.213421266161
0.196310437362
0.206622103312
0.19819087497
0.207475289264
0.202522096053
0.199569662118
0.208989484914
0.211152549502
0.215305747468
0.21331125994
0.21129467289
0.210383303185
0.203875379149
0.205633212889
0.208321505934
0.193682570236
0.196599957514
0.21913737766
0.204567525782
0.21852192273
-0.217070617111
0.00868329419759
-0.207912047712
-0.207028535898
-0.208014776979
-0.211300852028
-0.206627622916
-0.216138084429
-0.207381958697
-0.210502281531
-0.199934698944
-0.206850802281
-0.209458915651
-0.20671994043
-0.208393135356
-0.209990142034
-0.209805862223
-0.199786190026
-0.207939754293
-0.203906089184
-0.20981846559
-0.21073758157
-0.207612116753
-0.206269123612
-0.207773281985
-0.203428645186
-0.202159792397
-0.203257454217
-0.215844533867
-0.205003354094
-0.210334824588
