71 710
n 71
554 5540
p 554
training 625
87 870
n 87
317 3170
p 317
validation 404
211 2107
n 211
388 3880
p 388
test 599
* * * * * * * * *
Parameters => Epochs: 10, Learning Rate: 0.100000
Type of network used: SimpleNetwork
Input Nodes: 36, Hidden Nodes: 0, Output Nodes: 2
* * * * * * * * *
1 Performance: 0.88640000 0.785 0.648
2 Performance: 0.88640000 0.785 0.648
3 Performance: 0.88640000 0.785 0.648
4 Performance: 0.88640000 0.785 0.648
5 Performance: 0.88640000 0.785 0.648
length 74
0.163211103413
0.0022335775784
0.15645905123
0.156693842005
0.113832585234
0.248471951158
0.286670801839
0.197048983317
0.18372188993
0.12248102532
0.149911416267
0.215033934802
0.174670634796
0.270474395733
0.0868611260784
0.237057261814
-0.0273273940015
0.182591872961
0.177312683037
0.114076189676
0.372716030682
0.315951631777
0.0965605032972
0.354565482882
0.333422377836
0.166210984075
0.283669692163
0.177958327469
0.093212905954
0.289512241089
0.306076548579
0.0364723443817
0.0165820968628
0.186362406131
0.00944656323764
0.140164725981
0.149630270621
-0.163515565429
0.00507611555196
-0.161815740594
-0.160698901701
-0.12470332156
-0.239770774831
-0.29712992502
-0.187842843121
-0.199572494858
-0.123311689707
-0.157635457395
-0.21649049752
-0.16549908226
-0.281062008747
-0.0859894773698
-0.236191084639
0.031888823281
-0.182055586883
-0.172995389883
-0.118396962075
-0.355650680173
-0.328739871557
-0.0863813324715
-0.364230931827
-0.334038086727
-0.162316336277
-0.27812692112
-0.17021990232
-0.0875569228972
-0.287867876097
-0.307091076832
-0.0404020604615
-0.00535961486668
-0.1810093168
-0.0146237375579
-0.148627786114
-0.137529377099
